1049580895
1702878036
446465614
896614331
1718906848
1904896527
1957981177
922681949
1655060436
1980382629
593642214
493565293
1832164395
1866068134
311393267
1452946528
1596369007
1378687421
2037892412
105515105
1326262136
1662611951
196314360
2040603634
502605223
159478486
1237788765
721171851
1826538177
882252324
676514537
1211057147
1288962730
1492582249
2101326280
1890756704
1253642305
1234713439
2134908486
300981656
381047377
191004539
1386168038
1788517066
1381651510
1938354586
1743314262
669529326
1269861373
1432323221
1588589763
525588304
867688407
290472634
377044329
542361161
2036281305
1371774586
1942527538
1142152959
1594379744
1441700329
54075185
1345409132
271882244
747400938
1047758508
898666060
1376116138
1961810908
399040450
1100110374
751993823
1116225727
1435200256
947719746
397219077
1990550331
1356798577
232016096
1365657367
547912938
1240069804
1501567878
960884178
1991308335
1049542697
1175525165
694863772
467205819
2121414854
560419849
351947224
813904053
1725323937
890976393
1008285670
220589859
189278463
1975027688
467077404
1200186240
762577905
245274755
1614685170
1476720581
113238201
623047601
54826946
1653282949
1194760932
1215126957
599061515
1808317480
1563133827
1218823420
845618038
1502717916
1028131160
711629428
1141590897
995109388
496636225
1131649553
1584143524
44653955
926130012
837966985
679149385
1374940314
803326209
376848040
277719898
268854370
445498533
284681623
1642497236
425636814
1641815374
225305033
1031078876
1286422548
1211004420
348864978
134111933
2062073456
1836745222
1268322344
448599323
977643891
1271305695
821545454
1658552531
833013132
828633488
197544960
110196894
263886397
551055591
1463473699
891359289
1296698083
1470303354
1418981697
188433511
902997312
169209538
199589819
554864667
1658121323
366711656
615993983
873441785
1070716824
800847824
1090973543
876310010
270659837
1868723865
2134350758
1955938512
836629257
1213217989
1415933414
1267194493
132511120
412695180
1463784719
309483707
783611451
517828645
1090855321
452465465
83827052
340079275
1003067244
1278656585
114627931
1498499351
568424679
866481023
1951454349
371861630
517192558
1338923386
137558096
299097773
1267074597
994999172
1831116129
1296003834
738211550
2094353784
1553981200
1323744093
604966340
181807470
1167683989
388158215
1891112351
958008677
1623022810
1952951667
1930763391
1706376997
1846439153
1060013779
262064781
1914087950
1609617451
501820756
713524394
1402003014
361296534
1167035275
786270815
963024238
1434877310
841705990
1821427675
377720915
755339868
729292345
1567015622
450669079
907215777
1573471074
2097098113
1597806888
437353333
1176366165
1659905033
1494083455
815169250
277979180
756796395
128170856
396657574
2031929330
2088192929
13880591
1231680348
548638787
716079874
231007920
833010608
2136650635
1081441047
1168805362
234132342
1349692806
777350810
258653518
534322887
904914731
996393445
1381846181
265867481
1481135193
1920978681
344687233
1490097390
1736260856
1049620620
1960759407
723613665
1346831673
1941128348
702562803
553435438
677338253
1726012340
1656580215
1510290087
1008444865
633733947
872021776
1796349365
1916516031
888453338
2026234295
187279598
278451637
1590910712
1207496116
1540441024
556800728
551941061
1350465992
1882368406
1057745130
920288524
64090677
363726331
1205582530
339726383
2142285800
1144518585
1179471409
659242010
419059469
2039021674
221525752
1251523450
988959575
575125665
578410791
329860481
1572079823
1166169921
238689846
170134005
1873698362
1145922458
1634715597
429107727
1358197161
1572454385
593750364
684976970
1589115931
479618782
1057078519
1591377633
1799869354
371561167
1063360350
516481031
1591986744
198360406
392586595
1137089154
1214461609
628157230
1485913007
1180718148
354872994
2113972677
1477864372
1297292356
1317136777
1775785178
634025687
199266486
1886567090
632365869
95141160
1310821997
266157086
1742746061
411060195
1159008666
1883607498
568000771
1031255414
659884528
26376686
1881240449
1404210943
1738818477
587945060
1600653252
166212488
1451993625
1690983679
1618352820
485199182
1802278270
924504610
1726608568
1325563239
708398599
758238700
2033005891
616321333
1971758092
1329281679
1424647209
619207959
38422596
1505273939
781751580
1443549180
1547381407
662201747
1216684032
1548671275
1725353054
673090649
1810537694
489088914
1603791468
2045320660
343272022
1054464119
1536129970
365248180
1597096551
1889145473
316036881
1378921919
2066541690
1032082746
1504678604
1133625819
1913579838
283113950
1264528174
136210256
1979904736
550459070
625110777
1855877288
739285857
370329668
476288057
1101914121
242040682
1109957574
1015311321
741777567
2388971
1690111828
1172789403
736854720
547606689
976135480
1825610435
815553217
574735202
539629524
1765916336
1431602700
1690471751
1742027811
1954262705
1277676807
64231420
1726677713
420853114
1200284151
636617623
913715152
1587299858
2000328500
1917779440
443961939
1234451263
862295721
2050133056
778791568
1352335689
225513683
1440357504
578883364
1720841038
977506777
427723450
700659610
1565469533
309308229
1095532024
555127688
1940470224
239273403
184798918
836532512
459643821
1900535040
816081722
1408484577
1768931627
317133010
887816443
427030475
2092016954
375633075
1380371995
717387275
415603177
2043710193
1162382222
613080806
270533087
1652623041
1697287978
2088739700
1559388245
338248331
1530540268
1692320505
1455515660
511403775
226830835
579656209
1336930485
1131170651
1548387100
1729693601
1068455
1233066832
1534978932
431051009
1365381809
2112641049
1186815724
1577792473
1540339203
695846565
1438277794
657928454
842260480
11069921
836684651
1923146229
1817994576
1014807064
655826660
641426820
1790915820
1101275927
1962779639
2131480510
508686276
448897343
1045110649
895802437
1898055523
1233270979
1760551089
1900684634
1452130142
2069889627
842609143
1516790180
715435393
1312011495
1830266580
1268963396
2142217359
1640966173
542186855
2070532630
116409677
1436446823
52455121
2116508070
1102859312
813308564
1993781576
1310557789
1421996657
86863382
751069724
1088967045
1786631724
465849027
553595780
1209314817
1634980192
384933107
1164428311
1858556316
1654336821
555816385
1581233775
680294138
999926646
1423399551
253504499
1955412294
550023229
2074164354
94591544
1771520879
187518554
1692414334
1362893590
2130133626
413735730
1922441204
153378479
2133208202
1536882470
923918443
1584112630
637839402
433593172
879680503
1266896879
1075065991
1458048154
1689297770
1222134398
1900516572
871136385
248661964
43464479
2051719388
1505084459
896277660
588336316
564880638
1818020849
2095210488
989361025
798070851
261389044
320577185
2093531977
766077913
763516020
69969930
251925179
101585373
539980178
1159151727
841142098
1125421046
1274024821
1616893390
282925388
2118603974
338970309
1915857317
474853553
673724685
1973486281
795918522
1189005636
1011581653
1976070417
2049019481
2116008565
880869667
1857499322
855103572
721467044
511316758
812491852
943049997
515759980
139405152
2006315508
1364212249
763573245
615724784
614771797
94869743
1175443426
8187680
1393615761
1816647835
223497488
1621037099
82764817
1954618000
632001323
1209632078
1304354996
413006999
942267336
1841462600
1790499766
1253717627
1729223262
85171169
274519218
1349277025
1568698970
818961287
123485702
911429111
1443998489
216041330
1567053594
1128274795
715775442
1858704892
2076602305
1653308961
1556702713
978368230
806979240
1707738960
1910217954
1220957462
2140637342
1350924874
1955564918
753785627
1493523147
471778512
178872882
1340453977
597323682
78331278
1982663494
443238561
666184039
708304971
1545164952
1929175868
1098938629
2128187703
225346524
1254647188
1088319124
94844684
1076286027
1733058039
1838329918
1125911897
125673260
1214301888
978474222
1299133024
1719925273
843205838
234194879
38408395
1103340232
1882238073
463234841
812828701
234650745
1396598807
814715573
1945567710
830752274
356592301
1931293645
1229633926
1343009595
748789174
293129674
192872460
1422548076
1657346966
1170638758
814718037
998670655
815471683
1657518830
661001110
1118001815
140620280
2036353142
1896372338
588043166
462850294
1858174093
942446686
2068860724
471755830
1500390982
1729985607
1884875628
1112358737
356804666
599102884
1902701398
994770112
541435932
56569034
352624980
388451623
724251252
1658645048
1674070277
1845461333
1925311009
904523754
198564350
494039410
238105077
687870120
643633768
1423745296
294263814
353983399
1063384542
892721870
28091094
1701321630
674062568
72066270
1689815137
547795164
1254284264
229501740
735275270
442710103
975342535
1646151459
1476691837
258662698
1640991514
1139138684
127467528
1892395119
1297374049
1381031149
1219164509
1009347823
190568999
1102216572
300401324
1371716046
484349319
799254365
1760496826
1463727429
571679226
918727375
584911929
489388862
314189138
1206213357
166038228
389655887
332092411
1745720959
1653325338
794822425
985722268
1410676419
1476502973
94516248
787134042
280894277
132749493
1950195386
1633015516
263130933
1248862681
1612119239
1387840522
1549632997
881388069
2126390278
2027369922
180226379
1365616977
1488741157
219128126
1460064224
1653663175
738182300
1559976246
360995490
720586924
1711331875
2058717982
1705013229
1154310524
1622806913
255718055
6860818
405212631
510137631
735081308
1010076122
2031415846
435331924
1196646737
1283979878
550494205
1583371145
693703446
859949523
1351178599
25960752
2108587044
451873342
1193162707
607489261
536260238
502846798
997193924
910768384
1042860500
483825907
200679223
1750061119
2068982340
47651830
1981162576
1880631719
477961516
1823350990
221278755
2093581259
1215599636
1844618004
2127248238
1271514251
1097960341
436041743
166712908
504746658
1617267291
1967034932
2118160047
1933712794
36298603
554459520
970817280
1045877463
316770883
1874963860
1762286634
2043572179
1097522518
882571537
2110084696
447399712
2124360466
414356885
797449144
49709369
1754428163
134998516
2013927247
111581121
2069567274
774317136
91358921
173646847
1191252920
1187802170
345067636
2116639941
563868261
796179189
1309885652
1516563093
256787588
65199367
1946470462
891276936
1501720689
1393161932
308204747
1771121898
294278522
1673678755
183317873
466655841
114585819
1654448527
755621113
1198620814
1523540325
1139193130
1607065629
1419808158
1313039861
724010705
864968308
2094051492
294148414
1956991884
1448946054
907127668
1603967408
2076409338
51953651
84308399
1325906911
1567487454
1407819219
1154946316
1672892023
622400078
342695922
969540838
1045976230
1194999865
1945882059
